#energy mass_cut time_inj mass_inj cc cc_init
1.03709653E+00 1.66390402E+00 5.75676487E-01 1.56652507E-02 2.78212485E+00 2.25201850E+00
7.63597818E-01 1.05042788E+00 1.16345034E-01 4.86737246E-02 2.77802770E+00 2.28006882E+00
2.28463721E+00 1.82376594E+00 1.13990877E-02 3.90615147E-01 2.77541722E+00 2.20510046E+00
8.50250574E-01 1.51891474E+00 8.22617717E-01 1.51240573E-01 2.77920904E+00 2.27778488E+00
4.05397686E+00 1.71963226E+00 3.33240706E-03 2.07430760E-02 2.80998097E+00 2.23728962E+00
1.03187297E+00 1.04357796E+00 6.33143184E-01 1.51749095E-01 2.77409700E+00 2.27839944E+00
1.02759227E+00 1.62203236E+00 6.34531490E-02 7.54410420E-02 2.78248591E+00 2.26320741E+00
3.61266514E+00 1.83989145E+00 2.51332286E-02 2.96036186E-02 2.79595200E+00 2.20499531E+00
1.46593115E+00 1.76226332E+00 7.48470925E-03 1.15051866E-02 2.79722191E+00 2.22599356E+00
8.00526538E-01 1.18437290E+00 1.10241226E-01 2.72622456E-02 2.77049758E+00 2.28011947E+00
6.33423903E-01 1.16511587E+00 1.21158374E-01 6.58579939E-02 2.77268270E+00 2.27985442E+00
3.66416254E+00 1.20515316E+00 6.13533654E-03 4.74602609E-01 2.78145509E+00 2.27335296E+00
1.17000441E+00 1.89752791E+00 7.26095565E-02 1.40017658E-01 2.77702667E+00 2.19045617E+00
2.37111230E+00 1.95447002E+00 1.71624043E-01 2.86151285E-02 2.78049882E+00 2.17500285E+00
4.13313377E+00 1.94108712E+00 2.99754176E-03 3.06126937E-01 2.77576797E+00 2.17801919E+00
1.43353457E+00 1.37672186E+00 6.24862852E-02 2.80750570E-02 2.78791554E+00 2.28012221E+00
7.68905263E-01 1.93306779E+00 7.88009510E-01 3.39500745E-01 2.77323737E+00 2.16404679E+00
1.19118824E+00 1.46539004E+00 1.18865795E-03 2.76938770E-01 2.78638488E+00 2.25889252E+00
2.03819119E+00 1.91281764E+00 1.40930224E-03 1.39338301E-02 2.78401682E+00 2.18563140E+00
9.39191833E-01 1.86069723E+00 1.79964213E-02 3.21792052E-02 2.78231966E+00 2.19971822E+00
1.05310506E+00 1.82156824E+00 1.33221524E-03 2.13700442E-01 2.78269669E+00 2.20603854E+00
6.57916195E-01 1.29204599E+00 3.88490093E-01 1.32816434E-01 2.77137028E+00 2.27524040E+00
1.68955184E+00 1.34623794E+00 3.74442059E-03 5.19326377E-02 2.78921806E+00 2.28009267E+00
1.08860800E+00 1.59471840E+00 1.52343552E-03 7.83198463E-02 2.79017738E+00 2.27067177E+00
2.07534078E+00 1.49642917E+00 2.12844866E-03 5.06332617E-02 2.80386992E+00 2.28010690E+00
1.42565131E+00 1.05629023E+00 2.27323575E-03 3.61315563E-01 2.77245034E+00 2.25270853E+00
6.05280509E-01 1.52114092E+00 2.01157341E-02 1.12888250E-01 2.78812140E+00 2.27617721E+00
1.32471972E+00 1.06466332E+00 2.51595501E-03 4.17307793E-01 2.77827179E+00 2.23967682E+00
3.68418338E+00 1.93792580E+00 8.25203287E-01 2.35862644E-02 2.78076138E+00 2.17854787E+00
1.68222829E+00 1.08035295E+00 2.53408926E-02 1.78202309E-02 2.79279089E+00 2.28012395E+00
3.72229691E+00 1.63557101E+00 1.17794691E-02 4.38273980E-01 2.78242360E+00 2.25415312E+00
9.94693896E-01 1.19194434E+00 3.27171324E-01 3.21452571E-02 2.77731116E+00 2.28012132E+00
3.54389728E+00 1.63933412E+00 5.17321691E-03 1.30973158E-01 2.81411431E+00 2.25863320E+00
2.27722711E+00 1.91812138E+00 1.36149251E-01 2.58226188E-02 2.77377343E+00 2.18386533E+00
7.61953195E-01 1.78908028E+00 5.40316066E-01 8.48896266E-02 2.77416773E+00 2.21989940E+00
3.48724934E+00 1.30217193E+00 7.31528543E-01 1.25696674E-02 2.79885111E+00 2.28012432E+00
1.10521240E+00 1.26195304E+00 1.77503263E-03 1.81088708E-01 2.78753303E+00 2.27344935E+00
1.89367623E+00 1.94079571E+00 2.28106027E-01 4.05819822E-01 2.77109145E+00 2.17477342E+00
3.16375347E+00 1.30246951E+00 2.71549041E-01 7.91630883E-02 2.77638420E+00 2.28011963E+00
1.38421712E+00 1.42468127E+00 6.16296551E-02 2.48659378E-02 2.78558011E+00 2.28012289E+00
2.99389870E+00 1.91802369E+00 4.65074819E-01 1.43700547E-02 2.77211721E+00 2.18386536E+00
7.28726066E-01 1.97445943E+00 2.93924815E-03 3.91550383E-01 2.77638172E+00 2.14748165E+00
1.43461052E+00 1.84528058E+00 2.15114451E-02 2.06330513E-01 2.77240907E+00 2.20187031E+00
1.11758933E+00 1.41419072E+00 3.66952765E-03 2.44021814E-01 2.78116818E+00 2.26196374E+00
2.29922302E+00 1.07558676E+00 1.53448777E-03 1.13813879E-01 2.80695597E+00 2.27992172E+00
1.49667138E+00 1.86730248E+00 5.82779894E-03 2.67856607E-02 2.79463768E+00 2.19796595E+00
2.26452196E+00 1.04195126E+00 1.54667620E-01 3.19716987E-02 2.77068809E+00 2.28012384E+00
5.35824746E-01 1.09712237E+00 1.84708416E-01 9.71506176E-02 2.77995421E+00 2.27791572E+00
1.65529537E+00 1.11524477E+00 4.16730776E-03 3.46573698E-01 2.77834034E+00 2.26077097E+00
1.46080597E+00 1.50018363E+00 6.10868495E-03 1.11855691E-01 2.79488955E+00 2.27956508E+00
1.14041085E+00 1.29283189E+00 7.54266370E-02 2.88839340E-01 2.77513391E+00 2.24809442E+00
8.27405175E-01 1.51044955E+00 3.04648880E-02 1.84358792E-02 2.78827294E+00 2.28012214E+00
3.06395551E+00 1.32361379E+00 1.07215922E-01 2.06594212E-02 2.78831667E+00 2.28012429E+00
4.32384905E+00 1.89502229E+00 1.98687686E-01 2.71345304E-01 2.78324452E+00 2.19093135E+00
3.72131829E+00 1.57994345E+00 4.74254569E-02 3.81017229E-02 2.80403364E+00 2.27533269E+00
1.81026573E+00 1.07541960E+00 2.37431440E-02 1.39169541E-02 2.79551829E+00 2.28012422E+00
1.20371738E+00 1.58075001E+00 3.41767807E-01 2.74397265E-01 2.77109291E+00 2.25538433E+00
7.49938304E-01 1.32366979E+00 5.18542139E-01 4.83838062E-02 2.77450279E+00 2.28010084E+00
6.38870265E-01 1.30511894E+00 5.15022375E-01 3.94448845E-01 2.77534466E+00 2.19272227E+00
2.54385541E+00 1.69595819E+00 3.84855731E-01 3.15733371E-01 2.77372411E+00 2.24121269E+00
1.93745386E+00 1.74592971E+00 2.32603255E-01 1.50199352E-01 2.78077793E+00 2.23121350E+00
6.57012882E-01 1.15907043E+00 7.40684593E-01 2.83445040E-02 2.77483038E+00 2.28012203E+00
5.46183892E-01 1.49984029E+00 7.48021112E-01 1.51225995E-02 2.77219505E+00 2.28012414E+00
2.39444751E+00 1.81759971E+00 1.33415910E-03 5.70481865E-02 2.80871425E+00 2.21201256E+00
9.18031055E-01 1.71349053E+00 2.48917318E-01 1.23380252E-01 2.77615473E+00 2.23813371E+00
1.22031790E+00 1.24722704E+00 2.75565401E-02 1.65768208E-01 2.78592509E+00 2.27658029E+00
2.06361725E+00 1.67299350E+00 3.55328523E-02 9.33937150E-02 2.80487782E+00 2.25024443E+00
8.53088443E-01 1.93747543E+00 8.65020537E-01 2.90603966E-01 2.77047502E+00 2.16981937E+00
5.59479260E-01 1.74118063E+00 4.70449583E-01 1.85939474E-01 2.77376293E+00 2.21676731E+00
1.22177818E+00 1.69295173E+00 3.88168965E-02 1.41560528E-02 2.80427147E+00 2.24513289E+00
3.66029521E+00 1.98713516E+00 7.31912186E-03 6.71277304E-02 2.76780296E+00 2.16613926E+00
2.18487090E+00 1.05471522E+00 3.54765716E-03 5.72571868E-02 2.80912765E+00 2.28010164E+00
2.22968916E+00 1.86026167E+00 3.92890941E-02 1.75068747E-02 2.78965584E+00 2.19972450E+00
1.67047136E+00 1.67169690E+00 3.12104316E-03 3.39443758E-01 2.76976035E+00 2.23904244E+00
3.80452415E+00 1.70137561E+00 1.00480159E-02 1.88897338E-01 2.80737668E+00 2.24162105E+00
2.33764873E+00 1.17722463E+00 2.46406527E-03 4.28842573E-02 2.80887163E+00 2.28011688E+00
9.30365529E-01 1.45768401E+00 5.78044335E-02 1.12655334E-01 2.79686604E+00 2.27875059E+00
5.89321625E-01 1.15337194E+00 3.32733592E-01 3.73357442E-02 2.77305052E+00 2.28010502E+00
2.77888220E+00 1.88419075E+00 3.11763654E-01 4.98227923E-02 2.77010981E+00 2.19357493E+00
4.09106802E+00 1.00725937E+00 1.92872455E-02 6.75269552E-02 2.81644497E+00 2.28011818E+00
1.02099416E+00 1.12120102E+00 7.07325675E-03 2.33548265E-02 2.79093938E+00 2.28011770E+00
2.38958501E+00 1.90799350E+00 1.63993996E-02 4.34077517E-02 2.78110057E+00 2.18740868E+00
1.85280576E+00 1.57813525E+00 1.29760429E-03 1.68950625E-01 2.79751248E+00 2.27343099E+00
1.58205883E+00 1.58027725E+00 1.62297067E-01 2.60271154E-02 2.77000661E+00 2.27533261E+00
3.15229774E+00 1.44448448E+00 1.79447817E-02 1.61721751E-02 2.79907776E+00 2.28012428E+00
1.83782193E+00 1.01620625E+00 1.65934732E-03 1.29133133E-02 2.80065185E+00 2.28012408E+00
1.34925498E+00 1.67912150E+00 2.93606736E-01 1.42505059E-02 2.78509989E+00 2.24857575E+00
4.43066795E+00 1.50770911E+00 6.38788960E-01 5.87438847E-02 2.77732360E+00 2.28012422E+00
4.46918234E+00 1.85700939E+00 2.04079402E-01 4.87906091E-01 2.77158755E+00 2.19995075E+00
4.49590867E+00 1.70784665E+00 1.70419637E-03 3.98368901E-02 2.82134457E+00 2.24076349E+00
9.30276281E-01 1.55221201E+00 3.49861566E-02 1.91935968E-01 2.78879826E+00 2.26265889E+00
4.99954048E+00 1.84668163E+00 2.44613053E-03 2.46171389E-01 2.77578977E+00 2.20318004E+00
1.21115638E+00 1.69367736E+00 3.81683149E-03 2.85156600E-01 2.77064692E+00 2.23058299E+00
7.03278137E-01 1.05367253E+00 1.43644670E-01 4.66278829E-02 2.77714869E+00 2.28007120E+00
8.31822484E-01 1.01636631E+00 2.68191815E-01 8.84520173E-02 2.77935740E+00 2.27971296E+00
7.89383610E-01 1.30302949E+00 7.05610441E-01 4.42849623E-01 2.78171803E+00 2.20272981E+00
8.13131870E-01 1.62894811E+00 3.46796399E-02 4.69615369E-02 2.78780620E+00 2.26234616E+00
8.75793069E-01 1.36748216E+00 3.45537790E-02 8.13164434E-02 2.79123339E+00 2.27960296E+00
