#energy mass_cut time_inj mass_inj cc cc_init
1.03709653E+00 1.66390402E+00 5.75676487E-01 1.56652507E-02 9.46963278E-05 8.71068989E-99
7.63597818E-01 1.05042788E+00 1.16345034E-01 4.86737246E-02 2.91153579E-04 8.81918707E-99
2.28463721E+00 1.82376594E+00 1.13990877E-02 3.90615147E-01 1.68453923E-05 8.52921336E-99
8.50250574E-01 1.51891474E+00 8.22617717E-01 1.51240573E-01 2.36955276E-04 8.81035290E-99
4.05397686E+00 1.71963226E+00 3.33240706E-03 2.07430760E-02 2.44731557E-04 8.65371936E-99
1.03187297E+00 1.04357796E+00 6.33143184E-01 1.51749095E-01 2.10897257E-04 8.81272998E-99
1.02759227E+00 1.62203236E+00 6.34531490E-02 7.54410420E-02 3.17826167E-04 8.75396802E-99
3.61266514E+00 1.83989145E+00 2.51332286E-02 2.96036186E-02 1.48095697E-04 8.52880663E-99
1.46593115E+00 1.76226332E+00 7.48470925E-03 1.15051866E-02 1.34084052E-04 8.61002676E-99
8.00526538E-01 1.18437290E+00 1.10241226E-01 2.72622456E-02 3.19222888E-04 8.81938297E-99
6.33423903E-01 1.16511587E+00 1.21158374E-01 6.58579939E-02 2.50418764E-04 8.81835775E-99
3.66416254E+00 1.20515316E+00 6.13533654E-03 4.74602609E-01 2.24684433E-04 8.79321045E-99
1.17000441E+00 1.89752791E+00 7.26095565E-02 1.40017658E-01 1.53293405E-06 8.47256999E-99
2.37111230E+00 1.95447002E+00 1.71624043E-01 2.86151285E-02 3.90460315E-07 8.41279738E-99
4.13313377E+00 1.94108712E+00 2.99754176E-03 3.06126937E-01 2.40841638E-06 8.42446443E-99
1.43353457E+00 1.37672186E+00 6.24862852E-02 2.80750570E-02 3.05531565E-04 8.81939356E-99
7.68905263E-01 1.93306779E+00 7.88009510E-01 3.39500745E-01 2.74791636E-07 8.37041991E-99
1.19118824E+00 1.46539004E+00 1.18865795E-03 2.76938770E-01 2.44060036E-04 8.73727825E-99
2.03819119E+00 1.91281764E+00 1.40930224E-03 1.39338301E-02 7.53340938E-05 8.45390804E-99
9.39191833E-01 1.86069723E+00 1.79964213E-02 3.21792052E-02 5.79894565E-05 8.50839512E-99
1.05310506E+00 1.82156824E+00 1.33221524E-03 2.13700442E-01 1.97157256E-05 8.53284179E-99
6.57916195E-01 1.29204599E+00 3.88490093E-01 1.32816434E-01 1.46230940E-04 8.80051098E-99
1.68955184E+00 1.34623794E+00 3.74442059E-03 5.19326377E-02 2.21835861E-04 8.81927929E-99
1.08860800E+00 1.59471840E+00 1.52343552E-03 7.83198463E-02 3.26139472E-04 8.78283974E-99
2.07534078E+00 1.49642917E+00 2.12844866E-03 5.06332617E-02 2.00301309E-04 8.81933434E-99
1.42565131E+00 1.05629023E+00 2.27323575E-03 3.61315563E-01 2.46041683E-04 8.71335888E-99
6.05280509E-01 1.52114092E+00 2.01157341E-02 1.12888250E-01 1.75594542E-04 8.80413452E-99
1.32471972E+00 1.06466332E+00 2.51595501E-03 4.17307793E-01 9.02274910E-05 8.66295292E-99
3.68418338E+00 1.93792580E+00 8.25203287E-01 2.35862644E-02 6.40432653E-07 8.42650934E-99
1.68222829E+00 1.08035295E+00 2.53408926E-02 1.78202309E-02 2.33502901E-04 8.81940028E-99
3.72229691E+00 1.63557101E+00 1.17794691E-02 4.38273980E-01 2.28482333E-04 8.71894648E-99
9.94693896E-01 1.19194434E+00 3.27171324E-01 3.21452571E-02 1.62843132E-04 8.81939012E-99
3.54389728E+00 1.63933412E+00 5.17321691E-03 1.30973158E-01 3.03140403E-04 8.73627519E-99
2.27722711E+00 1.91812138E+00 1.36149251E-01 2.58226188E-02 3.32913517E-07 8.44707697E-99
7.61953195E-01 1.78908028E+00 5.40316066E-01 8.48896266E-02 2.92780754E-05 8.58645487E-99
3.48724934E+00 1.30217193E+00 7.31528543E-01 1.25696674E-02 2.70832506E-04 8.81940174E-99
1.10521240E+00 1.26195304E+00 1.77503263E-03 1.81088708E-01 1.49080287E-04 8.79358330E-99
1.89367623E+00 1.94079571E+00 2.28106027E-01 4.05819822E-01 7.54164914E-07 8.41190995E-99
3.16375347E+00 1.30246951E+00 2.71549041E-01 7.91630883E-02 1.77232638E-04 8.81938359E-99
1.38421712E+00 1.42468127E+00 6.16296551E-02 2.48659378E-02 3.83986699E-04 8.81939618E-99
2.99389870E+00 1.91802369E+00 4.65074819E-01 1.43700547E-02 6.62058582E-07 8.44707710E-99
7.28726066E-01 1.97445943E+00 2.93924815E-03 3.91550383E-01 9.14968331E-08 8.30634681E-99
1.43461052E+00 1.84528058E+00 2.15114451E-02 2.06330513E-01 1.30988406E-05 8.51671928E-99
1.11758933E+00 1.41419072E+00 3.66952765E-03 2.44021814E-01 2.21122057E-04 8.74915756E-99
2.29922302E+00 1.07558676E+00 1.53448777E-03 1.13813879E-01 3.25157261E-04 8.81861806E-99
1.49667138E+00 1.86730248E+00 5.82779894E-03 2.67856607E-02 5.35860154E-05 8.50161746E-99
2.26452196E+00 1.04195126E+00 1.54667620E-01 3.19716987E-02 1.91937606E-04 8.81939987E-99
5.35824746E-01 1.09712237E+00 1.84708416E-01 9.71506176E-02 1.49476267E-04 8.81085899E-99
1.65529537E+00 1.11524477E+00 4.16730776E-03 3.46573698E-01 2.51855537E-04 8.74454398E-99
1.46080597E+00 1.50018363E+00 6.10868495E-03 1.11855691E-01 3.63623324E-04 8.81723862E-99
1.14041085E+00 1.29283189E+00 7.54266370E-02 2.88839340E-01 1.80997530E-04 8.69551174E-99
8.27405175E-01 1.51044955E+00 3.04648880E-02 1.84358792E-02 2.62150303E-04 8.81939329E-99
3.06395551E+00 1.32361379E+00 1.07215922E-01 2.06594212E-02 6.96640524E-04 8.81940161E-99
4.32384905E+00 1.89502229E+00 1.98687686E-01 2.71345304E-01 6.79963598E-07 8.47440797E-99
3.72131829E+00 1.57994345E+00 4.74254569E-02 3.81017229E-02 1.98222686E-04 8.80086794E-99
1.81026573E+00 1.07541960E+00 2.37431440E-02 1.39169541E-02 2.38374140E-04 8.81940136E-99
1.20371738E+00 1.58075001E+00 3.41767807E-01 2.74397265E-01 1.18978990E-04 8.72370874E-99
7.49938304E-01 1.32366979E+00 5.18542139E-01 4.83838062E-02 1.64186179E-04 8.81931091E-99
6.38870265E-01 1.30511894E+00 5.15022375E-01 3.94448845E-01 1.61106479E-06 8.48133515E-99
2.54385541E+00 1.69595819E+00 3.84855731E-01 3.15733371E-01 8.04978913E-05 8.66889359E-99
1.93745386E+00 1.74592971E+00 2.32603255E-01 1.50199352E-01 7.45956313E-05 8.63021722E-99
6.57012882E-01 1.15907043E+00 7.40684593E-01 2.83445040E-02 2.44498281E-04 8.81939285E-99
5.46183892E-01 1.49984029E+00 7.48021112E-01 1.51225995E-02 2.53660301E-04 8.81940104E-99
2.39444751E+00 1.81759971E+00 1.33415910E-03 5.70481865E-02 1.08021307E-04 8.55594899E-99
9.18031055E-01 1.71349053E+00 2.48917318E-01 1.23380252E-01 8.35565389E-05 8.65698423E-99
1.22031790E+00 1.24722704E+00 2.75565401E-02 1.65768208E-01 1.47402228E-04 8.80569358E-99
2.06361725E+00 1.67299350E+00 3.55328523E-02 9.33937150E-02 1.94161760E-04 8.70382787E-99
8.53088443E-01 1.93747543E+00 8.65020537E-01 2.90603966E-01 4.07976134E-07 8.39274796E-99
5.59479260E-01 1.74118063E+00 4.70449583E-01 1.85939474E-01 2.63714822E-05 8.57434012E-99
1.22177818E+00 1.69295173E+00 3.88168965E-02 1.41560528E-02 3.58498509E-04 8.68405669E-99
3.66029521E+00 1.98713516E+00 7.31912186E-03 6.71277304E-02 7.77458608E-05 8.37851347E-99
2.18487090E+00 1.05471522E+00 3.54765716E-03 5.72571868E-02 2.11696671E-04 8.81931400E-99
2.22968916E+00 1.86026167E+00 3.92890941E-02 1.75068747E-02 8.97305403E-05 8.50841941E-99
1.67047136E+00 1.67169690E+00 3.12104316E-03 3.39443758E-01 1.36077085E-04 8.66049915E-99
3.80452415E+00 1.70137561E+00 1.00480159E-02 1.88897338E-01 8.43041075E-05 8.67047310E-99
2.33764873E+00 1.17722463E+00 2.46406527E-03 4.28842573E-02 2.12828670E-04 8.81937293E-99
9.30365529E-01 1.45768401E+00 5.78044335E-02 1.12655334E-01 2.07692776E-04 8.81408820E-99
5.89321625E-01 1.15337194E+00 3.32733592E-01 3.73357442E-02 1.53633504E-04 8.81932705E-99
2.77888220E+00 1.88419075E+00 3.11763654E-01 4.98227923E-02 2.35199859E-06 8.48463319E-99
4.09106802E+00 1.00725937E+00 1.92872455E-02 6.75269552E-02 1.82120827E-04 8.81937797E-99
1.02099416E+00 1.12120102E+00 7.07325675E-03 2.33548265E-02 2.40287321E-04 8.81937612E-99
2.38958501E+00 1.90799350E+00 1.63993996E-02 4.34077517E-02 7.91124106E-05 8.46078247E-99
1.85280576E+00 1.57813525E+00 1.29760429E-03 1.68950625E-01 1.04431080E-04 8.79351228E-99
1.58205883E+00 1.58027725E+00 1.62297067E-01 2.60271154E-02 1.46440038E-04 8.80086765E-99
3.15229774E+00 1.44448448E+00 1.79447817E-02 1.61721751E-02 1.97303376E-04 8.81940157E-99
1.83782193E+00 1.01620625E+00 1.65934732E-03 1.29133133E-02 2.25151232E-04 8.81940080E-99
1.34925498E+00 1.67912150E+00 2.93606736E-01 1.42505059E-02 9.92612753E-05 8.69737352E-99
4.43066795E+00 1.50770911E+00 6.38788960E-01 5.87438847E-02 2.61120314E-04 8.81940135E-99
4.46918234E+00 1.85700939E+00 2.04079402E-01 4.87906091E-01 4.20114069E-06 8.50929455E-99
4.49590867E+00 1.70784665E+00 1.70419637E-03 3.98368901E-02 2.53620203E-04 8.66715609E-99
9.30276281E-01 1.55221201E+00 3.49861566E-02 1.91935968E-01 1.54147814E-04 8.75184634E-99
4.99954048E+00 1.84668163E+00 2.44613053E-03 2.46171389E-01 1.20808834E-04 8.52178527E-99
1.21115638E+00 1.69367736E+00 3.81683149E-03 2.85156600E-01 6.76652410E-05 8.62777847E-99
7.03278137E-01 1.05367253E+00 1.43644670E-01 4.66278829E-02 1.85124236E-04 8.81919627E-99
8.31822484E-01 1.01636631E+00 2.68191815E-01 8.84520173E-02 1.69232813E-04 8.81781061E-99
7.89383610E-01 1.30302949E+00 7.05610441E-01 4.42849623E-01 7.07204908E-06 8.52004382E-99
8.13131870E-01 1.62894811E+00 3.46796399E-02 4.69615369E-02 2.70558803E-04 8.75063672E-99
8.75793069E-01 1.36748216E+00 3.45537790E-02 8.13164434E-02 3.08970197E-04 8.81738513E-99
